0.00056992	2.9121e-10	1.5053e-12	2.3074e-08	5.1696e-07	6.6911e-15	1.7488e-05	0.010167	6.939e-16	0.98925	2.2138e-18
0.0014753	0.0003709	0.00049427	0.00065016	0.0003896	0.00054789	0.00086693	0.011111	0.00047521	0.98362	2.6975e-06
0.0023509	0.00075513	0.00099759	0.0012975	0.00080068	0.0011001	0.0016983	0.012018	0.00095492	0.97802	6.7082e-06
0.0031991	0.0011517	0.0015087	0.001942	0.0012313	0.0016556	0.0025124	0.012891	0.0014388	0.97246	1.2041e-05
0.0040221	0.0015597	0.0020263	0.0025834	0.0016793	0.0022138	0.00331	0.013732	0.0019265	0.96693	1.8705e-05
0.004822	0.0019783	0.0025493	0.0032216	0.0021426	0.0027737	0.0040918	0.014544	0.0024177	0.96144	2.6708e-05
0.0056006	0.0024065	0.003077	0.0038567	0.0026194	0.003335	0.0048586	0.015329	0.0029122	0.95597	3.6056e-05
0.0063596	0.0028436	0.0036085	0.0044883	0.0031081	0.003897	0.005611	0.01609	0.0034095	0.95054	4.6756e-05
0.0071003	0.0032889	0.004143	0.0051166	0.0036072	0.0044592	0.0063497	0.016827	0.0039093	0.94514	5.8813e-05
0.007917	0.003801	0.0047499	0.0058222	0.004182	0.0050944	0.0071686	0.017635	0.004477	0.93908	7.4077e-05
0.008714	0.0043216	0.0053591	0.0065232	0.0047666	0.0057289	0.0079717	0.018419	0.0050471	0.93306	9.1086e-05
0.0094926	0.0048499	0.0059699	0.0072196	0.0053595	0.0063623	0.0087596	0.019179	0.0056194	0.92708	0.00010984
0.010254	0.0053851	0.0065816	0.0079111	0.0059593	0.0069942	0.0095332	0.019919	0.0061934	0.92114	0.00013036
0.011082	0.0059865	0.0072615	0.0086734	0.0066319	0.007694	0.010376	0.020718	0.0068326	0.91459	0.00015519
0.011892	0.0065944	0.0079412	0.0094297	0.00731	0.0083911	0.011204	0.021496	0.0074732	0.90809	0.0001822
0.012686	0.0072079	0.0086203	0.01018	0.0079921	0.0090855	0.012016	0.022253	0.0081146	0.90164	0.00021138
0.013464	0.0078261	0.0092982	0.010924	0.0086772	0.0097767	0.012814	0.022992	0.0087566	0.89523	0.00024272
0.014323	0.0085263	0.010059	0.011753	0.0094501	0.01055	0.013695	0.023804	0.0094789	0.88808	0.00028057
0.015165	0.0092306	0.010817	0.012575	0.010224	0.011319	0.01456	0.024596	0.010201	0.881	0.00032116
0.015991	0.0099379	0.011573	0.013388	0.010998	0.012084	0.01541	0.02537	0.010922	0.87397	0.00036447
0.016804	0.010647	0.012325	0.014194	0.011771	0.012843	0.016245	0.026127	0.011642	0.86699	0.00041052
0.017711	0.011456	0.013175	0.0151	0.012648	0.013701	0.017177	0.02697	0.012459	0.85914	0.00046615
0.018602	0.012265	0.01402	0.015996	0.013521	0.014551	0.018093	0.027794	0.013273	0.85136	0.00052527
0.019478	0.013074	0.01486	0.016881	0.01439	0.015395	0.018993	0.028602	0.014083	0.84366	0.00058787
0.02034	0.013883	0.015694	0.017757	0.015254	0.016232	0.019877	0.029394	0.014891	0.83603	0.00065393
0.021316	0.014812	0.016647	0.018753	0.016243	0.017188	0.020878	0.030288	0.015816	0.82733	0.00073425
0.022275	0.015738	0.017592	0.019736	0.017223	0.018134	0.021861	0.031164	0.016735	0.81873	0.00081909
0.023219	0.01666	0.018529	0.020706	0.018195	0.019071	0.022827	0.032024	0.017649	0.81022	0.00090842
0.024148	0.017578	0.019457	0.021664	0.019157	0.019998	0.023776	0.032869	0.018556	0.8018	0.0010022
0.025216	0.018644	0.020531	0.022767	0.020271	0.02107	0.024867	0.033838	0.019608	0.79207	0.0011174
0.026266	0.019703	0.021593	0.023854	0.021371	0.02213	0.025937	0.034789	0.02065	0.78247	0.0012386
0.027298	0.020753	0.022642	0.024925	0.022458	0.023177	0.026988	0.035722	0.021682	0.77299	0.0013657
0.028314	0.021793	0.02368	0.025979	0.023531	0.024211	0.028021	0.036638	0.022704	0.76364	0.0014986
0.029503	0.023019	0.024899	0.027214	0.02479	0.025425	0.029229	0.037709	0.023906	0.75265	0.0016644
0.03067	0.02423	0.0261	0.028426	0.02603	0.026622	0.030412	0.038759	0.025093	0.74182	0.0018383
0.031815	0.025426	0.027284	0.029618	0.02725	0.027801	0.031573	0.039788	0.026264	0.73116	0.00202
0.032941	0.026607	0.02845	0.030788	0.02845	0.028962	0.032712	0.040799	0.027419	0.72067	0.0022095
0.034284	0.028021	0.029845	0.032185	0.029884	0.03035	0.034069	0.042003	0.028803	0.70811	0.0024504
0.035598	0.029412	0.031214	0.033552	0.031289	0.031713	0.035397	0.043181	0.030162	0.69578	0.0027025
0.036886	0.030778	0.032558	0.03489	0.032666	0.03305	0.036695	0.044333	0.031497	0.68368	0.0029654
0.038147	0.03212	0.033876	0.036201	0.034016	0.034362	0.037966	0.045461	0.032807	0.67181	0.0032389
0.039642	0.033715	0.035442	0.037754	0.035616	0.035919	0.039471	0.046798	0.034365	0.6577	0.0035847
0.0411	0.035274	0.036971	0.039268	0.037178	0.037441	0.040938	0.048101	0.035887	0.6439	0.0039454
0.042522	0.036798	0.038465	0.040744	0.038701	0.038927	0.042368	0.049371	0.037375	0.63041	0.0043207
0.04391	0.038287	0.039924	0.042184	0.040187	0.040378	0.043762	0.050609	0.038828	0.61722	0.0047101
0.045522	0.040018	0.041619	0.043856	0.041914	0.042065	0.045381	0.052047	0.040519	0.60187	0.0051928
0.047087	0.041702	0.043267	0.045479	0.04359	0.043705	0.046952	0.053443	0.042162	0.58692	0.0056946
0.048607	0.043338	0.044869	0.047055	0.045218	0.045298	0.048477	0.054798	0.04376	0.57237	0.0062147
0.050083	0.044928	0.046425	0.048584	0.046799	0.046845	0.049957	0.056113	0.045312	0.5582	0.0067525
0.051842	0.046824	0.048279	0.050407	0.048682	0.048691	0.05172	0.057679	0.047164	0.54128	0.0074384
0.053538	0.048654	0.050069	0.052163	0.050499	0.050471	0.053421	0.059189	0.04895	0.5249	0.0081492
0.055173	0.05042	0.051795	0.053857	0.052251	0.052189	0.05506	0.060644	0.050674	0.50906	0.0088839
0.05675	0.052123	0.053461	0.055491	0.05394	0.053845	0.05664	0.062046	0.052338	0.49373	0.0096416
0.05864	0.054166	0.055457	0.057448	0.055964	0.055832	0.058533	0.063726	0.054333	0.47529	0.010618
0.060446	0.056118	0.057365	0.059318	0.057899	0.05773	0.060342	0.06533	0.056239	0.45759	0.011628
0.06217	0.057983	0.059188	0.061103	0.059747	0.059544	0.062069	0.066861	0.058062	0.44061	0.012667
0.063817	0.059765	0.06093	0.062809	0.061512	0.061276	0.063719	0.068322	0.059803	0.42432	0.013736
0.064945	0.060987	0.062123	0.063977	0.062721	0.062463	0.064848	0.069322	0.060996	0.41311	0.014515
0.066036	0.062168	0.063278	0.065107	0.063891	0.063612	0.065941	0.070289	0.062151	0.40222	0.015306
0.067092	0.063312	0.064395	0.066201	0.065023	0.064723	0.066998	0.071224	0.063269	0.39165	0.016111
0.068113	0.064419	0.065476	0.067258	0.066118	0.065799	0.068021	0.072128	0.064351	0.38139	0.016928
0.0691	0.06549	0.066522	0.068281	0.067178	0.066839	0.06901	0.073002	0.065398	0.37143	0.017756
0.070055	0.066525	0.067533	0.069271	0.068203	0.067845	0.069966	0.073847	0.06641	0.36175	0.018596
0.070978	0.067527	0.068511	0.070227	0.069194	0.068818	0.070891	0.074663	0.06739	0.35236	0.019447
0.071871	0.068496	0.069458	0.071153	0.070152	0.069759	0.071785	0.075452	0.068338	0.34323	0.020308
0.072758	0.069459	0.070398	0.072072	0.071104	0.070694	0.072673	0.076235	0.069279	0.33413	0.021203
0.073614	0.07039	0.071306	0.072959	0.072024	0.071597	0.07353	0.07699	0.07019	0.32529	0.022108
0.074441	0.071289	0.072183	0.073816	0.072913	0.07247	0.074358	0.07772	0.071069	0.31672	0.023023
0.075239	0.072156	0.07303	0.074643	0.07377	0.073312	0.075157	0.078423	0.071918	0.30841	0.023947
0.07595	0.072931	0.073785	0.075381	0.074535	0.074063	0.07587	0.07905	0.072675	0.30096	0.024806
0.076639	0.07368	0.074517	0.076095	0.075276	0.074791	0.076559	0.079656	0.073409	0.29371	0.025673
0.077305	0.074406	0.075224	0.076786	0.075993	0.075494	0.077226	0.080242	0.074119	0.28666	0.026546
0.077949	0.075108	0.075909	0.077455	0.076686	0.076176	0.077872	0.080808	0.074807	0.27981	0.027426
0.078517	0.075727	0.076513	0.078043	0.077297	0.076775	0.07844	0.081306	0.075412	0.27374	0.02823
0.079067	0.076327	0.077098	0.078614	0.077889	0.077357	0.078991	0.081789	0.076	0.26783	0.029039
0.079601	0.076909	0.077666	0.079168	0.078464	0.077922	0.079525	0.082258	0.076571	0.26206	0.029853
0.080119	0.077475	0.078217	0.079706	0.079022	0.07847	0.080044	0.082711	0.077124	0.25644	0.030671
0.080624	0.078026	0.078755	0.08023	0.079567	0.079005	0.080549	0.083154	0.077665	0.25093	0.031498
0.081113	0.078562	0.079276	0.080738	0.080094	0.079523	0.081039	0.083582	0.078189	0.24556	0.032329
0.081588	0.07908	0.079782	0.081231	0.080606	0.080026	0.081515	0.083997	0.078698	0.24032	0.033164
0.082047	0.079584	0.080272	0.081708	0.081102	0.080513	0.081975	0.084399	0.079191	0.23521	0.034002
0.08254	0.080123	0.080798	0.08222	0.081634	0.081036	0.082468	0.084829	0.07972	0.2297	0.034935
0.083016	0.080645	0.081305	0.082714	0.082148	0.081541	0.082945	0.085244	0.080231	0.22434	0.035872
0.083475	0.081148	0.081796	0.083192	0.082644	0.082028	0.083405	0.085644	0.080725	0.21913	0.036812
0.083918	0.081635	0.082269	0.083652	0.083123	0.082499	0.083848	0.08603	0.081202	0.21407	0.037756
0.084381	0.082143	0.082763	0.084133	0.083623	0.08299	0.084311	0.086431	0.081701	0.20874	0.038782
0.084825	0.082631	0.083239	0.084595	0.084105	0.083463	0.084756	0.086817	0.08218	0.20358	0.039811
0.085253	0.083102	0.083697	0.08504	0.084567	0.083917	0.085184	0.087188	0.082642	0.19857	0.040844
0.085664	0.083554	0.084137	0.085467	0.085012	0.084355	0.085596	0.087544	0.083087	0.19371	0.04188
0.086043	0.083973	0.084544	0.085863	0.085424	0.084759	0.085976	0.087872	0.083498	0.18917	0.042878
0.086409	0.084377	0.084936	0.086243	0.085821	0.085149	0.086342	0.088188	0.083894	0.18476	0.043879
0.08676	0.084765	0.085314	0.086609	0.086202	0.085524	0.086694	0.088491	0.084276	0.18049	0.044882
0.087098	0.085139	0.085677	0.086961	0.086569	0.085885	0.087032	0.088781	0.084644	0.17633	0.045887
0.087388	0.085459	0.085988	0.087262	0.086884	0.086194	0.087322	0.08903	0.084959	0.17273	0.046783
0.087667	0.085769	0.086289	0.087554	0.087188	0.086492	0.087602	0.08927	0.085263	0.16923	0.04768
0.087937	0.086068	0.086579	0.087834	0.087481	0.086781	0.087871	0.089501	0.085558	0.16582	0.048577
0.088196	0.086357	0.086859	0.088106	0.087764	0.087059	0.088132	0.089723	0.085842	0.16249	0.049476
0.088434	0.086621	0.087115	0.088353	0.088023	0.087313	0.088369	0.089925	0.086102	0.15942	0.050328
0.088663	0.086876	0.087362	0.088592	0.088273	0.087559	0.088598	0.09012	0.086353	0.15643	0.05118
0.088884	0.087122	0.087602	0.088823	0.088514	0.087796	0.08882	0.090309	0.086596	0.1535	0.052032
0.089098	0.087361	0.087833	0.089046	0.088748	0.088026	0.089034	0.09049	0.086831	0.15065	0.052885
0.089319	0.087609	0.088073	0.089278	0.08899	0.088264	0.089256	0.090678	0.087076	0.14765	0.053806
0.089533	0.087848	0.088304	0.089501	0.089224	0.088494	0.089469	0.090858	0.087312	0.14473	0.054727
0.089738	0.088077	0.088527	0.089715	0.089448	0.088715	0.089674	0.091031	0.087538	0.14189	0.055648
0.089935	0.088299	0.088741	0.089921	0.089664	0.088927	0.089871	0.091196	0.087757	0.13912	0.05657
0.090147	0.088537	0.088971	0.090143	0.089897	0.089156	0.090084	0.091374	0.087993	0.13609	0.057606
0.090349	0.088766	0.089192	0.090355	0.09012	0.089375	0.090286	0.091544	0.088219	0.13315	0.058642
0.090542	0.088984	0.089403	0.090557	0.090333	0.089585	0.09048	0.091705	0.088435	0.1303	0.059678
0.090727	0.089193	0.089605	0.09075	0.090536	0.089784	0.090664	0.091857	0.088641	0.12753	0.060714
0.090906	0.089397	0.089801	0.090939	0.090734	0.089979	0.090843	0.092006	0.088843	0.12478	0.061772
0.091077	0.089591	0.089988	0.091118	0.090923	0.090165	0.091014	0.092146	0.089035	0.12212	0.06283
0.091238	0.089776	0.090166	0.091288	0.091102	0.090342	0.091176	0.092279	0.089219	0.11953	0.063888
0.091392	0.089952	0.090336	0.091449	0.091273	0.09051	0.09133	0.092404	0.089394	0.11702	0.064944
0.091524	0.090103	0.090481	0.091588	0.091419	0.090654	0.091462	0.092511	0.089544	0.11482	0.065894
0.091649	0.090247	0.09062	0.09172	0.091559	0.090791	0.091587	0.092612	0.089688	0.11269	0.066844
0.091768	0.090385	0.090752	0.091845	0.091692	0.090922	0.091706	0.092708	0.089825	0.11061	0.067792
0.091881	0.090517	0.090878	0.091965	0.091819	0.091047	0.091819	0.092798	0.089956	0.10858	0.068739
0.091978	0.090629	0.090986	0.092067	0.091927	0.091154	0.091916	0.092875	0.090068	0.10682	0.069586
0.092069	0.090736	0.091089	0.092164	0.09203	0.091256	0.092008	0.092947	0.090175	0.1051	0.070432
0.092157	0.090839	0.091187	0.092257	0.092129	0.091353	0.092095	0.093016	0.090278	0.10341	0.071278
0.09224	0.090937	0.091281	0.092345	0.092223	0.091446	0.092178	0.093081	0.090376	0.10177	0.072122
0.092321	0.091033	0.091372	0.09243	0.092314	0.091536	0.092259	0.093143	0.090472	0.10014	0.072981
0.092397	0.091124	0.091459	0.092512	0.092401	0.091621	0.092335	0.093201	0.090563	0.09855	0.073839
0.092469	0.09121	0.091541	0.092588	0.092484	0.091703	0.092408	0.093256	0.09065	0.096998	0.074695
0.092538	0.091292	0.091619	0.092661	0.092562	0.09178	0.092476	0.093308	0.090732	0.095483	0.075551
0.092611	0.091381	0.091703	0.092739	0.092646	0.091863	0.092549	0.093362	0.090821	0.093807	0.076521
0.092679	0.091464	0.091782	0.092812	0.092725	0.09194	0.092617	0.093412	0.090905	0.092179	0.077489
0.092742	0.091542	0.091855	0.09288	0.092798	0.092013	0.09268	0.093457	0.090984	0.090595	0.078455
0.092801	0.091615	0.091924	0.092944	0.092867	0.092081	0.092739	0.093499	0.091058	0.089055	0.079419
0.09286	0.091689	0.091994	0.093008	0.092937	0.09215	0.092798	0.09354	0.091134	0.087422	0.08047
0.092914	0.091758	0.092059	0.093066	0.093002	0.092214	0.092852	0.093576	0.091204	0.085839	0.081518
0.092964	0.091822	0.092118	0.09312	0.093061	0.092272	0.092901	0.093608	0.091269	0.084303	0.082563
0.093008	0.09188	0.092173	0.093169	0.093115	0.092326	0.092946	0.093636	0.091329	0.082813	0.083606
0.093046	0.091931	0.09222	0.09321	0.093161	0.092372	0.092984	0.093659	0.091382	0.081448	0.084589
0.09308	0.091978	0.092263	0.093248	0.093204	0.092414	0.093018	0.093678	0.09143	0.080122	0.085568
0.09311	0.09202	0.092302	0.093282	0.093242	0.092452	0.093048	0.093694	0.091474	0.078833	0.086546
0.093137	0.092058	0.092336	0.093312	0.093276	0.092486	0.093074	0.093706	0.091515	0.07758	0.087521
0.093157	0.092089	0.092364	0.093335	0.093303	0.092513	0.093094	0.093715	0.091546	0.076522	0.088365
0.093174	0.092116	0.092388	0.093355	0.093327	0.092537	0.093111	0.09372	0.091576	0.07549	0.089208
0.093189	0.092141	0.09241	0.093373	0.093348	0.092558	0.093126	0.093724	0.091602	0.074482	0.090049
0.093202	0.092163	0.092429	0.093388	0.093367	0.092577	0.093139	0.093726	0.091626	0.0735	0.090887
0.093211	0.092181	0.092445	0.0934	0.093382	0.092592	0.093148	0.093725	0.091646	0.072593	0.091679
0.093219	0.092197	0.092459	0.093409	0.093395	0.092605	0.093156	0.093723	0.091664	0.071706	0.092469
0.093224	0.092211	0.09247	0.093417	0.093406	0.092616	0.093161	0.093719	0.09168	0.070841	0.093258
0.093228	0.092223	0.09248	0.093423	0.093414	0.092625	0.093164	0.093713	0.091694	0.069995	0.094044
0.093229	0.092233	0.092488	0.093427	0.093422	0.092632	0.093166	0.093705	0.091707	0.069083	0.094911
0.093229	0.092242	0.092493	0.093428	0.093426	0.092637	0.093165	0.093694	0.091717	0.068194	0.095776
0.093226	0.092247	0.092497	0.093428	0.093429	0.09264	0.093162	0.093682	0.091725	0.067328	0.096638
0.093221	0.092251	0.092498	0.093425	0.093429	0.09264	0.093157	0.093667	0.091731	0.066484	0.097498
0.093213	0.092252	0.092496	0.093419	0.093426	0.092638	0.093149	0.093649	0.091735	0.065543	0.098481
0.093202	0.09225	0.092492	0.09341	0.093421	0.092633	0.093138	0.093628	0.091737	0.06463	0.099461
0.093189	0.092246	0.092485	0.093399	0.093413	0.092626	0.093124	0.093605	0.091735	0.063743	0.10044
0.093173	0.092239	0.092475	0.093385	0.093402	0.092616	0.093108	0.09358	0.091731	0.062882	0.10141
0.093154	0.092229	0.092463	0.093369	0.093388	0.092603	0.09309	0.093552	0.091724	0.062033	0.1024
0.093134	0.092217	0.092448	0.09335	0.093372	0.092588	0.093069	0.093522	0.091715	0.061209	0.10338
0.093111	0.092202	0.092431	0.093329	0.093354	0.09257	0.093046	0.09349	0.091704	0.060409	0.10436
0.093085	0.092185	0.092412	0.093305	0.093333	0.09255	0.09302	0.093456	0.09169	0.059632	0.10533
0.093062	0.092168	0.092393	0.093283	0.093313	0.092531	0.092996	0.093425	0.091676	0.05897	0.10618
0.093036	0.092149	0.092372	0.093259	0.093291	0.09251	0.092971	0.093393	0.09166	0.058326	0.10703
0.09301	0.092129	0.09235	0.093233	0.093268	0.092487	0.092944	0.093359	0.091643	0.057697	0.10788
0.092981	0.092107	0.092327	0.093206	0.093243	0.092463	0.092915	0.093324	0.091624	0.057085	0.10873
0.092955	0.092087	0.092304	0.093181	0.09322	0.092441	0.092889	0.093292	0.091606	0.056558	0.10947
0.092928	0.092065	0.092281	0.093155	0.093195	0.092417	0.092862	0.09326	0.091587	0.056042	0.11021
0.0929	0.092042	0.092257	0.093128	0.09317	0.092392	0.092834	0.093226	0.091567	0.055539	0.11095
0.092871	0.092018	0.092231	0.0931	0.093143	0.092367	0.092804	0.093191	0.091546	0.055046	0.11168
0.092839	0.091992	0.092204	0.093069	0.093115	0.092339	0.092773	0.093155	0.091523	0.054548	0.11245
0.092807	0.091965	0.092175	0.093038	0.093085	0.09231	0.09274	0.093117	0.091499	0.054061	0.1132
0.092774	0.091937	0.092146	0.093005	0.093054	0.09228	0.092707	0.093079	0.091474	0.053586	0.11396
0.092739	0.091908	0.092115	0.092972	0.093022	0.092249	0.092673	0.093039	0.091447	0.053121	0.11471
0.092699	0.091873	0.092079	0.092932	0.092984	0.092212	0.092631	0.092993	0.091416	0.052594	0.11559
0.092656	0.091836	0.092041	0.092891	0.092945	0.092174	0.092589	0.092945	0.091383	0.05208	0.11646
0.092613	0.091798	0.092001	0.092848	0.092904	0.092134	0.092545	0.092896	0.091348	0.051581	0.11733
0.092569	0.091759	0.091961	0.092804	0.092862	0.092093	0.092501	0.092846	0.091313	0.051095	0.1182
0.092519	0.091715	0.091915	0.092755	0.092814	0.092047	0.092451	0.092791	0.091273	0.050575	0.11915
0.092467	0.09167	0.091868	0.092705	0.092765	0.091999	0.092399	0.092734	0.091231	0.050072	0.12009
0.092415	0.091623	0.091819	0.092653	0.092715	0.091951	0.092346	0.092676	0.091188	0.049582	0.12103
0.092361	0.091575	0.09177	0.0926	0.092664	0.091901	0.092293	0.092618	0.091144	0.049107	0.12197
0.092311	0.091529	0.091723	0.09255	0.092615	0.091853	0.092242	0.092563	0.091102	0.048681	0.12283
0.092259	0.091483	0.091675	0.092499	0.092566	0.091805	0.09219	0.092507	0.091059	0.048265	0.12369
0.092207	0.091435	0.091626	0.092447	0.092516	0.091756	0.092138	0.09245	0.091015	0.047861	0.12455
0.092154	0.091387	0.091577	0.092395	0.092464	0.091706	0.092085	0.092393	0.090971	0.047468	0.1254
0.092109	0.091345	0.091534	0.09235	0.09242	0.091663	0.092039	0.092344	0.090932	0.047143	0.12612
0.092063	0.091303	0.091491	0.092304	0.092375	0.09162	0.091993	0.092295	0.090893	0.046826	0.12684
0.092016	0.09126	0.091447	0.092258	0.09233	0.091576	0.091946	0.092245	0.090853	0.046515	0.12756
0.091969	0.091217	0.091402	0.092211	0.092284	0.091531	0.091899	0.092195	0.090813	0.046212	0.12827
0.091924	0.091175	0.09136	0.092166	0.09224	0.091488	0.091854	0.092147	0.090775	0.04593	0.12894
0.091878	0.091133	0.091317	0.092121	0.092196	0.091445	0.091808	0.092098	0.090735	0.045655	0.12962
0.091832	0.09109	0.091273	0.092075	0.092151	0.091401	0.091762	0.092049	0.090696	0.045385	0.13029
0.091786	0.091047	0.091229	0.092029	0.092106	0.091357	0.091715	0.092	0.090656	0.045122	0.13095
0.091733	0.090998	0.091179	0.091976	0.092054	0.091307	0.091662	0.091944	0.09061	0.044829	0.13171
0.09168	0.090948	0.091128	0.091923	0.092002	0.091256	0.091609	0.091888	0.090564	0.044544	0.13246
0.091626	0.090898	0.091077	0.091869	0.091949	0.091204	0.091555	0.091831	0.090517	0.044265	0.13321
0.091572	0.090847	0.091025	0.091815	0.091896	0.091152	0.0915	0.091774	0.090469	0.043993	0.13396
0.091508	0.090787	0.090964	0.091751	0.091833	0.091091	0.091436	0.091707	0.090414	0.043684	0.13483
0.091444	0.090727	0.090903	0.091687	0.09177	0.091029	0.091372	0.091639	0.090357	0.043383	0.13569
0.091379	0.090666	0.090841	0.091622	0.091706	0.090967	0.091307	0.091572	0.0903	0.043091	0.13655
0.091313	0.090605	0.090778	0.091557	0.091642	0.090904	0.091241	0.091503	0.090243	0.042807	0.13741
0.091247	0.090542	0.090715	0.091491	0.091576	0.09084	0.091175	0.091434	0.090185	0.042528	0.13827
0.091181	0.090479	0.090651	0.091424	0.091511	0.090776	0.091108	0.091365	0.090126	0.042258	0.13912
0.091114	0.090416	0.090587	0.091357	0.091445	0.090712	0.091041	0.091295	0.090066	0.041994	0.13998
0.091046	0.090352	0.090522	0.09129	0.091378	0.090647	0.090973	0.091225	0.090007	0.041738	0.14082
0.090989	0.090297	0.090466	0.091232	0.091321	0.090591	0.090915	0.091166	0.089955	0.041525	0.14154
0.090931	0.090242	0.090411	0.091174	0.091263	0.090535	0.090857	0.091105	0.089904	0.041317	0.14226
0.090873	0.090187	0.090354	0.091116	0.091206	0.090479	0.090799	0.091045	0.089852	0.041114	0.14298
0.090814	0.090131	0.090298	0.091057	0.091148	0.090422	0.09074	0.090985	0.0898	0.040915	0.14369
0.090763	0.090083	0.090249	0.091006	0.091097	0.090373	0.090689	0.090932	0.089754	0.040746	0.14431
0.090712	0.090034	0.090199	0.090955	0.091047	0.090323	0.090638	0.090879	0.089708	0.04058	0.14493
0.090661	0.089985	0.09015	0.090903	0.090996	0.090274	0.090586	0.090826	0.089663	0.040417	0.14554
0.090609	0.089936	0.0901	0.090852	0.090944	0.090224	0.090535	0.090773	0.089616	0.040258	0.14615
0.090555	0.089884	0.090048	0.090797	0.09089	0.090171	0.09048	0.090717	0.089568	0.040093	0.1468
0.0905	0.089832	0.089995	0.090743	0.090836	0.090118	0.090425	0.090661	0.089519	0.039932	0.14744
0.090446	0.08978	0.089942	0.090688	0.090782	0.090065	0.09037	0.090605	0.08947	0.039774	0.14808
0.090391	0.089727	0.089889	0.090633	0.090728	0.090012	0.090316	0.090549	0.08942	0.039619	0.14872
0.090326	0.089665	0.089826	0.090567	0.090662	0.089948	0.09025	0.090481	0.089362	0.039438	0.14948
0.09026	0.089602	0.089762	0.090501	0.090597	0.089885	0.090184	0.090414	0.089302	0.039262	0.15023
0.090194	0.089539	0.089698	0.090436	0.090532	0.089821	0.090118	0.090347	0.089243	0.039091	0.15098
0.090129	0.089476	0.089635	0.09037	0.090466	0.089757	0.090052	0.090279	0.089184	0.038923	0.15173
0.090056	0.089406	0.089564	0.090296	0.090394	0.089686	0.089979	0.090205	0.089118	0.038743	0.15255
0.089983	0.089336	0.089493	0.090223	0.090321	0.089615	0.089906	0.09013	0.089052	0.038567	0.15337
0.08991	0.089266	0.089422	0.09015	0.090248	0.089544	0.089833	0.090056	0.088986	0.038396	0.15419
0.089837	0.089196	0.089351	0.090077	0.090176	0.089473	0.08976	0.089981	0.08892	0.03823	0.155
0.089771	0.089132	0.089287	0.09001	0.09011	0.089409	0.089694	0.089914	0.08886	0.038083	0.15573
0.089705	0.089068	0.089223	0.089944	0.090044	0.089344	0.089628	0.089846	0.0888	0.037939	0.15646
0.089639	0.089004	0.089158	0.089878	0.089978	0.08928	0.089561	0.089779	0.08874	0.037799	0.15719
0.089573	0.088941	0.089094	0.089811	0.089911	0.089215	0.089495	0.089711	0.08868	0.037662	0.15791
0.089518	0.088888	0.089041	0.089756	0.089857	0.089162	0.08944	0.089655	0.08863	0.037551	0.1585
0.089463	0.088835	0.088987	0.089701	0.089802	0.089108	0.089385	0.0896	0.08858	0.037442	0.1591
0.089408	0.088782	0.088934	0.089646	0.089747	0.089055	0.08933	0.089544	0.088531	0.037335	0.15969
0.089354	0.088729	0.08888	0.089591	0.089692	0.089001	0.089275	0.089488	0.088481	0.03723	0.16028
0.089301	0.088679	0.08883	0.089538	0.08964	0.08895	0.089223	0.089435	0.088433	0.037132	0.16084
0.089249	0.088628	0.088779	0.089486	0.089588	0.088899	0.08917	0.089382	0.088386	0.037036	0.1614
0.089197	0.088578	0.088728	0.089433	0.089536	0.088848	0.089118	0.089329	0.088338	0.036942	0.16195
0.089145	0.088527	0.088677	0.089381	0.089484	0.088797	0.089066	0.089276	0.088291	0.036849	0.16251
0.089085	0.088469	0.088618	0.08932	0.089423	0.088738	0.089005	0.089215	0.088235	0.036743	0.16315
0.089024	0.08841	0.088559	0.089259	0.089363	0.088679	0.088945	0.089153	0.08818	0.03664	0.16379
0.088964	0.088352	0.0885	0.089199	0.089302	0.08862	0.088884	0.089092	0.088125	0.036538	0.16442
0.088904	0.088294	0.088441	0.089138	0.089242	0.088561	0.088824	0.089031	0.08807	0.036439	0.16506
0.088832	0.088224	0.088372	0.089066	0.08917	0.088491	0.088752	0.088958	0.088005	0.036324	0.16581
0.088761	0.088155	0.088302	0.088995	0.089099	0.088422	0.088681	0.088886	0.08794	0.036211	0.16655
0.08869	0.088086	0.088233	0.088923	0.089028	0.088352	0.088609	0.088814	0.087875	0.036101	0.16729
0.088619	0.088017	0.088163	0.088851	0.088956	0.088282	0.088538	0.088742	0.08781	0.035994	0.16803
0.088548	0.087949	0.088094	0.08878	0.088886	0.088213	0.088467	0.08867	0.087745	0.035889	0.16876
0.088478	0.08788	0.088025	0.088709	0.088815	0.088144	0.088397	0.088599	0.08768	0.035787	0.16949
0.088407	0.087812	0.087956	0.088638	0.088744	0.088075	0.088326	0.088528	0.087615	0.035688	0.17021
0.088337	0.087744	0.087887	0.088567	0.088673	0.088006	0.088255	0.088456	0.087551	0.03559	0.17094
0.088278	0.087687	0.08783	0.088508	0.088615	0.087948	0.088197	0.088397	0.087497	0.03551	0.17153
0.08822	0.08763	0.087773	0.08845	0.088556	0.087891	0.088138	0.088338	0.087444	0.035432	0.17213
0.088162	0.087573	0.087716	0.088391	0.088498	0.087834	0.08808	0.088279	0.08739	0.035356	0.17272
0.088104	0.087517	0.087659	0.088332	0.088439	0.087777	0.088021	0.08822	0.087337	0.03528	0.17332
0.088053	0.087468	0.08761	0.088282	0.088389	0.087728	0.087971	0.08817	0.087291	0.035216	0.17382
0.088003	0.087419	0.087561	0.088231	0.088339	0.087679	0.087921	0.088119	0.087245	0.035154	0.17433
0.087953	0.087371	0.087512	0.088181	0.088288	0.08763	0.087871	0.088069	0.087199	0.035092	0.17484
0.087904	0.087322	0.087463	0.088131	0.088238	0.087581	0.087821	0.088018	0.087153	0.035031	0.17534
0.08785	0.08727	0.08741	0.088077	0.088185	0.087528	0.087767	0.087964	0.087104	0.034967	0.17588
0.087797	0.087218	0.087358	0.088023	0.088131	0.087476	0.087714	0.08791	0.087055	0.034903	0.17642
0.087744	0.087167	0.087306	0.08797	0.088078	0.087424	0.08766	0.087857	0.087006	0.034841	0.17695
0.087691	0.087115	0.087254	0.087916	0.088024	0.087372	0.087607	0.087803	0.086957	0.03478	0.17748
0.087626	0.087052	0.087191	0.087852	0.08796	0.087308	0.087543	0.087738	0.086898	0.034707	0.17813
0.087562	0.08699	0.087128	0.087787	0.087895	0.087245	0.087478	0.087673	0.086839	0.034635	0.17877
0.087498	0.086927	0.087065	0.087722	0.087831	0.087182	0.087414	0.087609	0.08678	0.034565	0.17941
0.087434	0.086865	0.087002	0.087658	0.087766	0.08712	0.08735	0.087544	0.086721	0.034496	0.18005
0.087363	0.086796	0.086933	0.087587	0.087695	0.08705	0.087279	0.087473	0.086656	0.034421	0.18075
0.087293	0.086727	0.086864	0.087516	0.087625	0.086981	0.087208	0.087402	0.086591	0.034347	0.18145
0.087223	0.086659	0.086795	0.087445	0.087554	0.086912	0.087138	0.087331	0.086526	0.034275	0.18214
0.087153	0.086591	0.086727	0.087374	0.087484	0.086843	0.087068	0.087261	0.086461	0.034205	0.18284
0.087091	0.08653	0.086666	0.087312	0.087421	0.086782	0.087005	0.087198	0.086404	0.034143	0.18345
0.087029	0.08647	0.086605	0.087249	0.087359	0.086721	0.086943	0.087136	0.086347	0.034083	0.18406
0.086967	0.08641	0.086544	0.087187	0.087297	0.086661	0.086882	0.087074	0.08629	0.034024	0.18467
0.086906	0.08635	0.086484	0.087125	0.087235	0.0866	0.08682	0.087012	0.086234	0.033965	0.18527
0.086856	0.086301	0.086435	0.087075	0.087185	0.086551	0.08677	0.086961	0.086187	0.033919	0.18576
0.086806	0.086252	0.086386	0.087025	0.087135	0.086502	0.08672	0.086911	0.086142	0.033873	0.18625
0.086756	0.086204	0.086338	0.086975	0.087085	0.086454	0.08667	0.086861	0.086096	0.033827	0.18674
0.086707	0.086156	0.086289	0.086925	0.087035	0.086405	0.086621	0.086812	0.08605	0.033783	0.18722
0.08666	0.08611	0.086243	0.086877	0.086988	0.086358	0.086573	0.086764	0.086006	0.033741	0.18768
0.086613	0.086064	0.086196	0.08683	0.08694	0.086312	0.086526	0.086717	0.085963	0.033699	0.18814
0.086566	0.086018	0.08615	0.086782	0.086893	0.086266	0.086479	0.086669	0.08592	0.033658	0.1886
0.086519	0.085972	0.086104	0.086735	0.086846	0.08622	0.086432	0.086622	0.085876	0.033617	0.18906
0.086464	0.085918	0.08605	0.086679	0.08679	0.086165	0.086376	0.086567	0.085825	0.03357	0.1896
0.086408	0.085864	0.085996	0.086624	0.086734	0.086111	0.086321	0.086511	0.085774	0.033523	0.19013
0.086353	0.08581	0.085942	0.086568	0.086679	0.086057	0.086266	0.086456	0.085723	0.033477	0.19067
0.086299	0.085757	0.085888	0.086513	0.086624	0.086003	0.086211	0.0864	0.085673	0.033432	0.1912
0.086233	0.085693	0.085823	0.086447	0.086558	0.085939	0.086145	0.086335	0.085612	0.033378	0.19184
0.086168	0.085629	0.085759	0.086381	0.086492	0.085874	0.08608	0.086269	0.085552	0.033326	0.19247
0.086103	0.085565	0.085695	0.086316	0.086427	0.08581	0.086015	0.086204	0.085492	0.033274	0.1931
0.086038	0.085502	0.085632	0.08625	0.086361	0.085747	0.08595	0.086138	0.085432	0.033223	0.19373
0.085974	0.08544	0.085569	0.086186	0.086297	0.085684	0.085886	0.086074	0.085373	0.033174	0.19435
0.085911	0.085378	0.085506	0.086122	0.086233	0.085621	0.085822	0.08601	0.085314	0.033125	0.19496
0.085847	0.085316	0.085444	0.086058	0.086169	0.085559	0.085758	0.085947	0.085255	0.033077	0.19557
0.085784	0.085254	0.085382	0.085994	0.086106	0.085497	0.085695	0.085883	0.085197	0.03303	0.19618
0.085733	0.085204	0.085331	0.085942	0.086054	0.085446	0.085643	0.085831	0.085149	0.032992	0.19668
0.085681	0.085153	0.085281	0.08589	0.086002	0.085396	0.085592	0.08578	0.085102	0.032955	0.19717
0.08563	0.085104	0.085231	0.085839	0.085951	0.085345	0.085541	0.085729	0.085054	0.032918	0.19766
0.085579	0.085054	0.085181	0.085788	0.085899	0.085295	0.08549	0.085677	0.085007	0.032881	0.19815
0.085536	0.085011	0.085138	0.085744	0.085856	0.085252	0.085446	0.085634	0.084967	0.03285	0.19857
0.085493	0.084969	0.085095	0.0857	0.085812	0.08521	0.085403	0.08559	0.084927	0.032819	0.19898
0.085449	0.084927	0.085053	0.085656	0.085768	0.085167	0.085359	0.085547	0.084887	0.032789	0.1994
0.085406	0.084884	0.085011	0.085613	0.085725	0.085125	0.085316	0.085503	0.084847	0.032759	0.19981
0.08536	0.084839	0.084965	0.085566	0.085678	0.085079	0.085269	0.085457	0.084804	0.032727	0.20026
0.085313	0.084793	0.084919	0.085519	0.085631	0.085033	0.085222	0.08541	0.084761	0.032695	0.20071
0.085267	0.084748	0.084873	0.085472	0.085584	0.084987	0.085176	0.085363	0.084718	0.032663	0.20115
0.08522	0.084702	0.084828	0.085425	0.085538	0.084941	0.085129	0.085317	0.084675	0.032632	0.20159
0.085163	0.084647	0.084772	0.085368	0.08548	0.084885	0.085072	0.085259	0.084622	0.032594	0.20214
0.085107	0.084591	0.084716	0.085311	0.085423	0.084829	0.085015	0.085202	0.08457	0.032557	0.20268
0.08505	0.084536	0.08466	0.085254	0.085366	0.084774	0.084959	0.085146	0.084517	0.03252	0.20322
0.084994	0.084481	0.084605	0.085197	0.085309	0.084718	0.084902	0.085089	0.084465	0.032483	0.20376
0.084931	0.08442	0.084543	0.085134	0.085246	0.084657	0.08484	0.085027	0.084407	0.032443	0.20435
0.084869	0.084359	0.084482	0.085071	0.085184	0.084596	0.084778	0.084964	0.08435	0.032403	0.20494
0.084808	0.084299	0.084422	0.085009	0.085122	0.084535	0.084716	0.084902	0.084293	0.032364	0.20553
0.084746	0.084238	0.084361	0.084947	0.08506	0.084474	0.084654	0.084841	0.084236	0.032326	0.20612
0.084693	0.084186	0.084308	0.084893	0.085006	0.084422	0.0846	0.084787	0.084186	0.032292	0.20663
0.084639	0.084133	0.084256	0.084839	0.084952	0.084369	0.084547	0.084733	0.084136	0.032259	0.20714
0.084586	0.084081	0.084203	0.084785	0.084898	0.084316	0.084493	0.08468	0.084087	0.032227	0.20765
0.084533	0.084029	0.084151	0.084732	0.084844	0.084264	0.08444	0.084626	0.084038	0.032194	0.20815
0.08449	0.083988	0.084109	0.084689	0.084802	0.084222	0.084397	0.084584	0.083998	0.032169	0.20855
0.084448	0.083946	0.084068	0.084646	0.084759	0.084181	0.084355	0.084541	0.083959	0.032143	0.20896
0.084406	0.083905	0.084026	0.084604	0.084716	0.084139	0.084313	0.084499	0.08392	0.032118	0.20936
0.084364	0.083864	0.083985	0.084561	0.084674	0.084098	0.08427	0.084457	0.083881	0.032093	0.20975
0.084324	0.083825	0.083945	0.084521	0.084634	0.084058	0.08423	0.084417	0.083844	0.03207	0.21014
0.084284	0.083785	0.083906	0.08448	0.084593	0.084019	0.08419	0.084376	0.083807	0.032046	0.21052
0.084244	0.083746	0.083867	0.08444	0.084553	0.083979	0.08415	0.084336	0.08377	0.032023	0.21089
0.084204	0.083707	0.083828	0.0844	0.084513	0.08394	0.08411	0.084296	0.083733	0.032	0.21127
0.084156	0.083661	0.083781	0.084352	0.084465	0.083893	0.084062	0.084249	0.083689	0.031972	0.21172
0.084109	0.083614	0.083734	0.084304	0.084417	0.083846	0.084015	0.084201	0.083645	0.031945	0.21217
0.084061	0.083568	0.083687	0.084256	0.084369	0.0838	0.083967	0.084154	0.083601	0.031918	0.21262
0.084014	0.083522	0.083641	0.084209	0.084322	0.083753	0.08392	0.084106	0.083557	0.031891	0.21307
0.083958	0.083466	0.083585	0.084151	0.084265	0.083697	0.083863	0.084049	0.083504	0.031859	0.2136
0.083901	0.083411	0.083529	0.084094	0.084208	0.083642	0.083807	0.083993	0.083452	0.031828	0.21414
0.083845	0.083356	0.083474	0.084038	0.084151	0.083586	0.08375	0.083936	0.0834	0.031796	0.21467
0.083789	0.083301	0.083419	0.083981	0.084094	0.083531	0.083694	0.08388	0.083348	0.031765	0.2152
0.083734	0.083247	0.083365	0.083926	0.084039	0.083477	0.083639	0.083825	0.083297	0.031735	0.21572
0.083679	0.083194	0.083311	0.083871	0.083984	0.083423	0.083584	0.08377	0.083246	0.031705	0.21623
0.083625	0.08314	0.083258	0.083816	0.083929	0.08337	0.08353	0.083716	0.083196	0.031676	0.21675
0.083571	0.083087	0.083204	0.083761	0.083875	0.083316	0.083475	0.083662	0.083146	0.031646	0.21726
0.083527	0.083045	0.083162	0.083717	0.083831	0.083273	0.083432	0.083618	0.083105	0.031623	0.21767
0.083484	0.083002	0.083119	0.083674	0.083787	0.083231	0.083388	0.083575	0.083065	0.0316	0.21808
0.083441	0.08296	0.083077	0.08363	0.083744	0.083188	0.083345	0.083531	0.083025	0.031577	0.21848
0.083398	0.082918	0.083034	0.083587	0.0837	0.083146	0.083302	0.083488	0.082985	0.031554	0.21889
0.083362	0.082882	0.082998	0.08355	0.083663	0.08311	0.083266	0.083452	0.082951	0.031535	0.21923
0.083325	0.082847	0.082963	0.083513	0.083627	0.083074	0.083229	0.083415	0.082918	0.031515	0.21958
0.083289	0.082811	0.082927	0.083477	0.08359	0.083038	0.083193	0.083379	0.082884	0.031496	0.21992
0.083253	0.082776	0.082891	0.08344	0.083554	0.083003	0.083157	0.083343	0.082851	0.031478	0.22026
0.083213	0.082737	0.082852	0.0834	0.083514	0.082964	0.083117	0.083303	0.082814	0.031457	0.22063
0.083174	0.082699	0.082814	0.083361	0.083474	0.082925	0.083077	0.083264	0.082777	0.031436	0.221
0.083135	0.08266	0.082775	0.083321	0.083435	0.082886	0.083038	0.083224	0.082741	0.031416	0.22137
0.083096	0.082622	0.082737	0.083282	0.083395	0.082848	0.082999	0.083185	0.082705	0.031396	0.22174
0.083047	0.082574	0.082689	0.083233	0.083346	0.0828	0.08295	0.083136	0.08266	0.031371	0.2222
0.082999	0.082527	0.082641	0.083184	0.083297	0.082752	0.082902	0.083088	0.082615	0.031346	0.22265
0.082951	0.08248	0.082594	0.083135	0.083249	0.082705	0.082853	0.08304	0.08257	0.031322	0.2231
0.082903	0.082433	0.082546	0.083087	0.0832	0.082657	0.082805	0.082992	0.082525	0.031297	0.22356
0.08285	0.08238	0.082494	0.083033	0.083147	0.082605	0.082752	0.082938	0.082476	0.03127	0.22406
0.082797	0.082329	0.082442	0.08298	0.083094	0.082553	0.082699	0.082885	0.082427	0.031244	0.22455
0.082744	0.082277	0.08239	0.082927	0.08304	0.082501	0.082646	0.082833	0.082378	0.031217	0.22505
0.082692	0.082226	0.082339	0.082874	0.082988	0.082449	0.082594	0.08278	0.08233	0.031191	0.22554
0.082656	0.08219	0.082303	0.082837	0.082951	0.082414	0.082557	0.082744	0.082296	0.031173	0.22588
0.08262	0.082155	0.082268	0.082801	0.082915	0.082378	0.082521	0.082708	0.082263	0.031155	0.22622
0.082584	0.08212	0.082232	0.082765	0.082879	0.082343	0.082485	0.082672	0.082229	0.031137	0.22655
0.082548	0.082085	0.082197	0.082729	0.082843	0.082308	0.08245	0.082636	0.082196	0.03112	0.22689
0.082513	0.08205	0.082162	0.082693	0.082807	0.082273	0.082414	0.082601	0.082163	0.031102	0.22722
0.082477	0.082015	0.082127	0.082657	0.082771	0.082238	0.082378	0.082565	0.08213	0.031085	0.22756
0.082442	0.081981	0.082093	0.082622	0.082735	0.082203	0.082343	0.08253	0.082098	0.031067	0.22789
0.082407	0.081946	0.082058	0.082586	0.0827	0.082168	0.082308	0.082494	0.082065	0.03105	0.22822
0.082363	0.081903	0.082015	0.082542	0.082656	0.082125	0.082264	0.08245	0.082024	0.031029	0.22863
0.082319	0.08186	0.081972	0.082498	0.082612	0.082082	0.08222	0.082406	0.081984	0.031007	0.22904
0.082275	0.081818	0.081929	0.082454	0.082568	0.082039	0.082176	0.082363	0.081943	0.030986	0.22945
0.082232	0.081775	0.081886	0.08241	0.082524	0.081996	0.082133	0.082319	0.081903	0.030965	0.22986
0.082182	0.081726	0.081837	0.082359	0.082473	0.081947	0.082082	0.082269	0.081856	0.030941	0.23033
0.082132	0.081677	0.081787	0.082309	0.082423	0.081897	0.082032	0.082219	0.08181	0.030917	0.2308
0.082082	0.081628	0.081738	0.082259	0.082373	0.081848	0.081982	0.082169	0.081764	0.030893	0.23126
0.082033	0.08158	0.08169	0.082209	0.082323	0.0818	0.081933	0.08212	0.081718	0.030869	0.23173
0.081998	0.081546	0.081655	0.082174	0.082288	0.081765	0.081898	0.082085	0.081685	0.030853	0.23205
0.081963	0.081512	0.081621	0.082139	0.082253	0.081731	0.081863	0.08205	0.081653	0.030836	0.23238
0.081929	0.081478	0.081587	0.082104	0.082218	0.081697	0.081828	0.082015	0.081621	0.03082	0.23271
0.081894	0.081444	0.081553	0.082069	0.082183	0.081663	0.081794	0.081981	0.081589	0.030803	0.23303
0.08186	0.08141	0.081519	0.082034	0.082148	0.081629	0.081759	0.081946	0.081557	0.030787	0.23335
0.081825	0.081376	0.081485	0.081999	0.082114	0.081595	0.081725	0.081912	0.081525	0.030771	0.23367
0.081791	0.081343	0.081452	0.081965	0.082079	0.081561	0.081691	0.081878	0.081493	0.030754	0.23399
0.081757	0.08131	0.081418	0.081931	0.082045	0.081528	0.081656	0.081844	0.081462	0.030738	0.23431
0.081716	0.081269	0.081378	0.081889	0.082003	0.081487	0.081615	0.081802	0.081424	0.030719	0.2347
0.081675	0.081229	0.081337	0.081848	0.081962	0.081447	0.081574	0.081761	0.081385	0.0307	0.23508
0.081634	0.081189	0.081297	0.081806	0.08192	0.081406	0.081533	0.08172	0.081347	0.03068	0.23547
0.081593	0.081149	0.081257	0.081765	0.081879	0.081366	0.081492	0.081679	0.08131	0.030661	0.23585
0.081547	0.081104	0.081212	0.081719	0.081833	0.081321	0.081446	0.081633	0.081267	0.03064	0.23628
0.081502	0.081059	0.081167	0.081673	0.081787	0.081276	0.0814	0.081588	0.081225	0.030619	0.23671
0.081456	0.081015	0.081122	0.081627	0.081741	0.081231	0.081355	0.081542	0.081182	0.030598	0.23713
0.081411	0.08097	0.081077	0.081581	0.081696	0.081187	0.081309	0.081497	0.081141	0.030577	0.23756
0.08137	0.08093	0.081037	0.08154	0.081654	0.081146	0.081269	0.081456	0.081103	0.030558	0.23794
0.08133	0.080891	0.080997	0.081499	0.081614	0.081106	0.081228	0.081415	0.081065	0.030539	0.23832
0.081289	0.080851	0.080958	0.081459	0.081573	0.081066	0.081187	0.081375	0.081027	0.03052	0.2387
0.081249	0.080812	0.080918	0.081418	0.081532	0.081027	0.081147	0.081335	0.08099	0.030502	0.23907
0.081217	0.08078	0.080886	0.081385	0.081499	0.080995	0.081115	0.081302	0.08096	0.030487	0.23938
0.081185	0.080748	0.080854	0.081353	0.081467	0.080963	0.081082	0.08127	0.08093	0.030472	0.23968
0.081152	0.080717	0.080822	0.08132	0.081434	0.080931	0.08105	0.081237	0.0809	0.030457	0.23998
0.08112	0.080685	0.080791	0.081288	0.081402	0.0809	0.081018	0.081205	0.08087	0.030442	0.24028
0.081091	0.080656	0.080762	0.081258	0.081372	0.08087	0.080988	0.081176	0.080843	0.030429	0.24056
0.081061	0.080627	0.080732	0.081228	0.081342	0.080841	0.080958	0.081146	0.080815	0.030415	0.24084
0.081031	0.080598	0.080703	0.081198	0.081312	0.080812	0.080928	0.081116	0.080788	0.030402	0.24111
0.081002	0.080569	0.080674	0.081168	0.081282	0.080783	0.080899	0.081087	0.08076	0.030388	0.24139
0.080967	0.080535	0.08064	0.081134	0.081248	0.080749	0.080864	0.081052	0.080728	0.030373	0.24171
0.080933	0.080502	0.080607	0.081099	0.081213	0.080715	0.08083	0.081018	0.080697	0.030357	0.24203
0.080899	0.080468	0.080573	0.081065	0.081179	0.080682	0.080796	0.080984	0.080665	0.030341	0.24235
0.080865	0.080435	0.08054	0.08103	0.081145	0.080648	0.080762	0.08095	0.080633	0.030326	0.24267
0.080824	0.080395	0.080499	0.080989	0.081103	0.080608	0.080721	0.080909	0.080595	0.030307	0.24305
0.080783	0.080355	0.080459	0.080948	0.081062	0.080567	0.08068	0.080868	0.080557	0.030289	0.24343
0.080743	0.080315	0.080419	0.080907	0.081021	0.080527	0.080639	0.080827	0.08052	0.03027	0.24381
0.080702	0.080275	0.080379	0.080866	0.08098	0.080488	0.080599	0.080787	0.080482	0.030252	0.24419
0.080662	0.080235	0.080339	0.080825	0.080939	0.080447	0.080558	0.080746	0.080444	0.030234	0.24457
0.080621	0.080196	0.080299	0.080784	0.080898	0.080407	0.080517	0.080705	0.080407	0.030215	0.24495
0.080581	0.080156	0.080259	0.080743	0.080858	0.080367	0.080477	0.080665	0.080369	0.030197	0.24533
0.08054	0.080117	0.08022	0.080703	0.080817	0.080328	0.080436	0.080625	0.080332	0.030179	0.24571
0.080508	0.080084	0.080187	0.080669	0.080784	0.080295	0.080403	0.080591	0.080301	0.030164	0.24601
